2-5-3

0.27451022536151781
-3.67065732120721311
8.54348922854940440
5.78213322614128344
-3.65119725063357947
-3.27579142474124652
7.93708017212307215
-4.03795512783982602
5.63193868159832522
-1.76711756962913635

-8.54792430898300282
-5.68925707697319272
0.66459978464270097
4.48121490687948754
-0.47212329154157934
-8.77829302846805248
7.69170937351608153
1.05344896326471638
-9.62177441416339541
-7.33228388226326278
7.05523301379906709
13.89284635265219592
-9.01457229257867532
-10.45938163955355904
-4.74445432470126782
