[2-100-100-100-3]

1.00000000000000000
1.00000000000000000

0.59578640548875728
0.05344821322823866
0.41852067877345905
0.45891232148042410
0.12675960149869020
0.45890736911480939
0.67590168658414107
0.81649841120026256
0.41543548815579084
0.42594115521476161
0.31029293022805837
0.70216952286561884
0.30867061693228365
0.79650263915048214
0.05918712649370867
0.56623421314890010
0.63819737899947759
0.15127521005035066
0.90304089533050036
0.31725484453651076
0.82678803133240542
0.76508930328832137
0.16335025405855572
0.62908843817983706
0.48164080380554147
0.77931072138610391
0.17302257583665193
0.33808254992399223
0.14586055169506429
0.29859547676591558
0.88472833817721686
0.54001872233073989
0.10964230661947356
0.85263733574231537
0.06075602584799571
0.37973718596445127
0.37674900912019732
0.34523467379871170
0.30346138488017527
0.49078567754730212
0.14613902438768084
0.31385409553312854
0.61226943605813144
0.61640264546766155
0.65975396196035807
0.29658522484071642
0.39018272158938061
0.23961552681650441
0.93990518651455601
0.57009243983976587
0.24644611293878371
0.62274998119615332
0.88998916111621384
0.28051935921650034
0.67656212455533160
0.76169360030765243
0.87971153033485661
0.30987287422924747
0.18407942677959774
0.61910678341604541
0.76816080013370336
0.34826198339852910
0.43166923735807022
0.59513475656328219
0.33064843453790677
0.77083990029747396
0.65765629596280384
0.62369531931498112
0.20838439815261559
0.44924477599728357
0.28951864810380412
0.87442763016011804
0.64588611147376818
0.20726877717209699
0.43893563698368837
0.90050425170311010
0.63682620368315324
0.37267128874953825
0.75012051279206426
0.76997170667009662
0.84477864667181746
0.67067649061220891
0.26659638467480995
0.60594998169709768
0.38593560712325015
0.37724513641666035
0.86409896364039085
0.35432192803429186
0.38605019841526578
0.60970170515918698
0.10769295749694471
0.07029262014453622
0.63300807648935786
0.60910570693728971
0.64282871015059617
0.35757542316315855
0.87212071311726169
0.38116965925328716
0.60170341114615322
0.21926940780903750

0.99211209262982558
0.99601227636187395
0.07404623295991190
0.84246717160704154
0.98894230154136253
0.00001902875257220
0.10540493949941065
0.86742573241910192
0.00467810248764954
0.06417136679752894
0.00455784404890683
0.01497601896628891
0.00003494647543517
0.87370297395263763
0.74449245112121598
0.00639152864443875
0.01450027746812185
0.82800559951178387
0.08365872500640836
0.05619724881969846
0.09875427981541370
0.98856419558965658
0.54571470411569101
0.98302656444425673
0.25136394543457974
0.96648218373296035
0.00116069536262521
0.65900488663928070
0.00145933629843626
0.21061346768770162
0.91548912484907485
0.49769899217536401
0.08795731621700358
0.52877964143652079
0.26544020064764418
0.83563493972541414
0.01250511596869298
0.98562610718338639
0.02805655595798600
0.00055893215125331
0.00091072031086129
0.48791145223808413
0.01458357006912192
0.00456856895839318
0.73434397144658592
0.29541525910006294
0.99680440888132982
0.07181722930536324
0.99999306727652992
0.00321634703794603
0.99299087312777357
0.95313880356099578
0.00154490146005333
0.96301374714118593
0.00045973607135998
0.87861600260403172
0.98962378842961052
0.01570031392286081
0.96392001172006825
0.99919215450932353
0.28349658390115645
0.98478439732703094
0.94362826796761046
0.99977816173182832
0.74554950565003908
0.37942157122915376
0.29041306684780172
0.16304106650069833
0.00163012515482839
0.99151560929330684
0.99183748211835354
0.00002973322324083
0.45507078669817674
0.86305238478126234
0.02073050523982950
0.04839933082807491
0.00068544587979248
0.99806770230190933
0.17910393079120207
0.16822475451458832
0.32908912026350245
0.00000537995631193
0.06790470413450023
0.99935370396161205
0.00154918872200352
0.07925147624460864
0.74841204910172310
0.83454378988139777
0.00302216429572986
0.38157152036238190
0.95553317493113721
0.55187359757547993
0.06288347199191170
0.00292516578445643
0.00014883217963641
0.78132198110610396
0.07818946103581835
0.75343028915319044
0.50807498643861027
0.99668052667395746

0.22094877056476009
0.17603542537287364
0.96114475858427595
0.08959917502978930
0.90851108359126698
0.13854335143189170
0.99991956337159427
0.00053967179753458
0.06698908104884413
0.99939951342398980
0.99012279266128411
0.23615213290500786
0.99517631142885454
0.18430859127900026
0.00058049137337110
0.00081861369768435
0.99999727723468734
0.96131210298487579
0.13173479067550725
0.70029527351951604
0.08193311050378518
0.99987729389314384
0.00097002158718405
0.79793803300215760
0.99694724581692906
0.99944643737077188
0.99882774620115466
0.00081968684419609
0.95397202258518421
0.71192916224732417
0.00660667968943793
0.00033417912114745
0.13780688787185491
0.00013964114360583
0.23886314398863809
0.02323692944550253
0.99151491154725213
0.87404218229339159
0.07193815091188537
0.00639216767561252
0.86599897014438876
0.65162773802132634
0.00815326156837723
0.97171888840196730
0.99599181297888328
0.97999782744806474
0.74971895931372468
0.18907460782165572
0.99993367511316678
0.32268798764821111
0.00220374018929680
0.99914804953246561
0.01677725677356072
0.29597397249873370
0.76578263633370913
0.00063904438359415
0.93993336902804603
0.00534879614304418
0.04399242916732254
0.90138469908100016
0.35054284611700637
0.99976622016293593
0.96522586671472799
0.55666926939718842
0.00663079447605076
0.35536510712470615
0.96023554020997226
0.00224245351671034
0.99719092428555534
0.99811919288577733
0.99885985007099309
0.98783481309236776
0.99714623843751715
0.91779072923475635
0.00561777429895731
0.74514811783803925
0.00283498499190712
0.02058164124806888
0.97016206791887916
0.08933834122072690
0.00010309432025402
0.00969321909092168
0.99988768693271657
0.95665976224088800
0.07484397806722404
0.33825327875876104
0.00248848101585772
0.99965780696436290
0.02653486348240101
0.99977065756692640
0.71923372473306280
0.41974985189599634
0.61073807502675093
0.12988861644237812
0.99885810963033961
0.76582283355472058
0.99736090982021552
0.12022719036390149
0.92329916790581690
0.73065136844399803

0.98445150227110612
0.99793171789916413
0.01223417842841125

